112.916
21.7505
99.8696
98.5509
94.4725
111.074
29.2434
96.5664
35.4993
90.2739
94.0754
48.4989
112.916
56.3477
106.125
35.5002
70.9753
110.057
101.056
82.9156
108.916
111.355
11.2513
53.8518
112.027
94.0083
112.417
110.511
82.8391
69.3712
92.3309
22.4945
97.4041
90.6928
107.529
111.411
92.4662
22.4997
111.412
73.3137
56.9004
101.058
110.679
108.915
80.4672
1.74892
109.829
88.6708
79.9232
49.7502
109.602
94.4024
8.49977
112.694
88.1037
105.119
112.361
110.114
99.4373
78.8958
85.44
112.805
12.2483
72.8877
81.7748
58.3092
89.0917
108.167
102.103
64.9991
112.916
66.6171
109.773
71.0601
21.2518
111.299
33.4994
108.571
110.17
70.2665
30.9998
43.0078
79.6086
64.5193
68.8309
108.284
26.0019
7.0007
103.985
96.6945
109.772
103.381
65.8598
101.487
80.3899
112.75
102.591
109.657
69.2824
7.50032
111.971
95.7866
112.194
90.6901
79.0553
93.6734
55.4517
6.00052
83.1449
98.3596
88.1764
112.583
92.6706
86.1694
88.8115
100.499
85.9509
98.8685
111.468
8.24939
93.7412
77.4577
97.6607
75.3329
2.99902
64.8075
28.9976
64.4265
53.0346
111.13
27.5006
93.2067
56.5656
101.673
72.4567
95.9169
111.747
22.7505
76.6489
111.636
85.8775
67.5483
111.636
111.804
112.916
47.245
108.684
95.066
105.236
98.298
104.223
41.5011
105.238
50.2493
55.0035
90.5535
103.199
92.4664
110.114
88.1044
102.591
4.74977
102.527
105.653
35.4997
101.246
94.2709
79.5298
82.9189
88.1764
66.4268
7.74875
111.13
44.2512
110
74.415
71.5884
112.583
10.9975
21.5006
76.7302
40.7499
111.074
101.242
106.184
78.3423
65.86
61.0309
81.238
93.1415
112.417
108.456
93.8756
69.6406
18.5001
112.138
112.916
88.8856
103.983
104.163
112.916
5.00923
73.503
96.94
99.9214
110.666
59.6976
99.6515
35.1102
85.9983
92.7205
55.2032
112.916
59.3097
108.355
37.9532
66.8973
108.82
99.2317
80.4417
104.975
110.967
5.60378
51.1532
112.841
94.8826
112.881
111.213
76.0132
49.4034
91.4369
10.3533
70.5509
81.9098
106.089
111.051
93.259
34.6962
101.119
73.692
51.8154
99.2687
110.852
110.544
79.436
0.0137329
111.073
90.4185
81.9795
49.8346
111.337
92.265
18.2599
112.513
63.8268
104.433
108.655
107.49
88.6732
39.8778
84.5408
110.331
5.44678
84.7283
82.5475
62.4274
92.6029
102.522
104.562
59.5187
112.916
26.9862
107.626
69.9798
26.5668
99.0515
36.4157
110.402
110.381
77.6048
11.8574
58.3093
78.0336
62.6986
69.3433
94.8193
37.4121
1.69403
106.337
100.045
93.6895
105.574
66.4951
68.6533
69.8127
110.122
97.5801
111.276
53.688
1.84828
112.735
90.9023
104.282
94.9104
47.4585
78.5481
64.2823
13.1461
74.0709
100.517
88.4405
112.533
95.8437
95.3963
85.4196
101.228
76.2334
98.2488
112.152
14.9459
101.296
75.1109
94.1412
72.4699
22.0562
80.28
38.5015
68.1126
53.2276
110.266
29.3081
98.6847
64.1533
92.4996
73.8727
102.415
112.522
6.09573
72.2391
112.442
85.7483
16.0159
112.717
112.71
110.873
14.1082
109.853
96.0423
103.974
92.724
97.8264
51.533
105.686
51.2546
73.1477
87.3347
107.369
92.785
96.1622
65.7033
101.825
7.60803
107.119
108.264
39.1928
77.557
94.0765
73.8162
52.9051
80.385
74.3234
2.16022
111.51
8.73262
108.745
77.3318
78.3438
109.241
0.550903
36.0121
66.7526
52.9331
109.844
99.0395
103.682
83.806
64.6675
70.8827
90.9767
89.9772
111.516
91.291
86.0269
73.1515
29.977
111.825
112.916
76.1375
85.4077
106.034
112.916
112.859
88.3659
62.8984
82.8312
107.011
85.8784
103.606
102.995
107.125
92.1785
44.7438
106.742
76.9716
83.9157
5.52441
107.051
15.3126
49.9028
107.823
110.691
85.3303
71.24
78.0852
101.375
107.589
31.1318
68.5161
101.58
95.6296
65.8351
97.4975
77.1693
98.2668
110.563
87.9485
14.3704
94.6436
111.479
101.53
112.916
11.5731
53.8839
108.116
61.2846
103.919
69.4159
63.3032
86.4108
52.0336
38.156
7.34641
105.188
112.431
99.7102
87.1052
82.1099
102.055
54.3925
97.6621
108.003
15.5599
108.588
105.008
77.5088
112.161
95.1996
47.8976
12.1371
99.5237
97.8518
112.916
1.48465
61.0082
86.7725
95.3345
76.885
22.4864
95.6231
112.916
55.9951
110.043
86.5882
74.0737
64.9851
22.8488
61.6564
76.2507
76.006
87.2372
27.06
59.6356
103.128
85.0196
82.8344
19.5019
84.9988
54.969
41.3235
89.626
72.6295
97.0643
88.6019
84.926
54.5911
71.0308
69.796
32.8429
80.8177
90.8919
9.49298
57.1391
86.415
55.1831
59.0929
11.5123
96.69
79.9856
105.52
94.7935
107.934
77.9192
112.773
92.3983
109.182
109.115
55.012
95.3638
109.486
104.506
86.2142
91.9993
105.86
112.755
81.5584
110.853
99.3755
7.82761
107.4
87.3652
66.048
96.3237
51.8603
104.906
98.6413
102.652
87.2016
88.7697
107.665
41.1701
70.6669
112.916
95.4231
112.916
110.893
94.9169
112.916
52.3738
101.896
3.20773
83.68
112.916
105.282
107.388
109.443
96.7096
111.458
91.8914
56.6786
58.5838
97.2508
0
112.916
112.916
106.432
107.045
58.4622
1.49954
63.0908
112.191
58.4442
86.7325
97.5612
112.916
72.2812
72.4923
111.599
20.2518
103.928
98.954
85.5636
72.3241
71.3415
70.4119
111.162
89.9953
106.586
103.713
90.4499
84.9436
111.974
104.321
53.4767
64.1234
90.3063
104.586
85.0565
78.5281
79.8735
108.516
77.0294
54.7781
108.054
54.1444
88.3924
6.58762
104.215
27.2802
39.069
91.752
107.406
87.911
75.9993
76.855
100.419
95.0866
33.4731
20.0754
99.9737
82.1562
57.4966
92.5133
75.289
97.5623
111.24
89.6488
7.73773
96.688
107.018
95.8733
112.916
14.521
56.8152
110.124
70.3211
104.476
77.7171
68.2656
87.1047
61.3322
46.0637
11.9864
106.888
110.425
102.44
85.9354
96.8196
107.599
66.3264
98.6847
110.244
9.63072
102.218
105.892
80.1111
109.193
93.615
50.1235
9.26022
92.7241
92.4913
112.916
3.34894
57.875
64.0874
91.7706
78.2123
14.6112
51.856
112.84
66.0088
101.428
65.5544
68.9373
72.7614
26.3547
67.6256
81.0535
82.457
84.8929
28.3461
42.9355
82.0912
92.1045
53.0564
16.6145
92.3168
57.9841
37.0604
95.4828
74.2833
97.3441
91.6353
82.1599
73.004
61.059
67.2189
48.2187
78.5378
96.6976
19.7233
70.883
69.6813
49.3926
66.5005
8.84004
88.659
73.314
107.933
97.8687
109.484
32.4153
107.93
95.8025
110.167
107.874
64.8824
108.678
105.749
107.988
97.4349
93.8898
107.283
112.916
77.2459
97.2933
74.7493
5.64972
73.4801
73.5259
69.2188
51.4547
60.196
93.4382
100.969
102.283
51.6969
87.6175
102.315
62.6341
69.75
112.916
100.892
112.432
102.121
97.2413
110.865
55.6576
103.366
4.50888
74.3374
112.916
103.849
79.2589
105.573
77.7977
108.146
80.3473
71.1053
18.9013
93.2419
0
112.916
112.916
108.745
98.6076
27.9939
3.7795
80.712
101.207
51.5675
84.3374
99.696
112.916
71.252
72.1999
105.416
10.8542
94.5927
104.195
84.6999
76.1908
68.3002
75.0231
112.114
91.0828
85.7285
94.3515
85.7815
93.1663
73.0487
85.4952
100.927
82.6059
107.642
46.9666
48.2113
9.41309
100.611
13.655
67.8792
15.4497
91.7508
86.5195
90.3547
111.544
94.2752
101.725
57.6237
80.5388
30.0887
56.7416
103.376
112.842
32.5688
33.9106
97.4543
58.4044
73.1056
56.1233
96.3524
96.3821
85.5263
111.945
112.169
98.4817
65.7817
99.4593
102.17
112.916
110.828
100.411
104.307
100.384
109.674
93.9562
56.436
8.96989
76.9251
54.9632
96.6016
82.4003
93.2385
89.5164
112.83
79.207
101.314
91.1834
112.645
105.025
105.177
111.191
63.6452
110.901
110.41
112.916
77.2419
110.436
110.504
69.328
97.5911
72.7777
99.5321
40.9486
7.09935
85.6644
11.1923
53.9613
90.2579
96.8867
66.1223
80.0923
52.9308
55.9894
106.242
31.6919
83.1624
13.2276
41.3661
53.2472
18.6455
92.265
57.1908
107.53
22.9946
112.8
21.9035
56.0192
7.34492
102.523
90.9693
110.964
15.4946
93.168
80.576
77.7891
89.0856
68.8356
110.602
104.572
69.4206
78.9969
112.916
71.1178
74.0488
86.2565
82.8175
85.5318
92.3811
101.339
54.7735
81.6028
85.6762
66.1481
19.4694
112.448
73.1169
107.577
109.048
109.561
105.116
112.121
101.792
75.521
74.0941
103.168
27.8808
102.931
80.9661
65.9009
71.6936
16.187
54.3071
92.7931
94.9725
30.0056
78.1196
112.072
84.9088
70.925
96.671
87.7455
17.8231
84.4725
95.1055
94.8821
99.0876
57.1847
48.9039
85.5199
8.21614
92.0345
112.397
98.9893
63.7147
40.7606
72.4221
69.9345
98.6223
98.1002
112.237
42.702
95.7418
71.9774
4.73245
73.0573
53.4653
94.7141
24.5052
18.6319
69.7701
50.167
108.628
57.1961
107.477
108.694
62.6688
105.764
67.0247
69.0352
112.916
100.481
100.668
35.5216
54.5178
53.9501
30.197
109.728
110.969
58.5919
76.9642
84.9606
101.628
88.5865
108.48
53.5507
43.3024
11.5855
96.1035
8.02855
72.4232
20.022
92.6877
84.6292
87.0421
112.382
97.2133
102.465
61.0652
82.6472
33.6715
55.6036
100.069
112.796
33.4894
32.3334
99.3743
51.0426
77.5702
51.9827
100.66
97.5832
85.3527
111.563
111.871
104.376
73.2677
101.176
103.186
112.916
111.807
72.732
101.723
101.526
111.466
95.8859
59.9628
7.46062
43.3055
63.4172
98.0696
85.5736
93.6783
64.85
110.536
78.5482
104.437
95.4745
112.768
103.102
105.777
112.465
64.1451
99.6123
111.45
112.916
78.5518
96.4138
111.617
74.0276
102.953
73.1601
103.276
53.4856
7.76993
88.829
9.55592
58.4209
96.0601
102.54
75.5654
84.7725
51.7407
59.8807
106.378
33.2195
89.2922
14.3725
56.1956
36.9687
30.7285
97.7566
61.7336
108.469
33.6712
112.679
31.7774
57.8748
9.87076
102.858
87.311
111.976
20.7027
88.4163
81.4867
84.3151
97.1141
76.5499
112.138
107.893
75.3661
79.9511
112.916
73.1549
74.988
64.4139
84.405
80.7159
87.6585
100.9
58.5462
90.5642
89.9253
73.5262
33.6164
112.795
70.7376
107.982
111.36
110.942
79.7934
112.916
94.2466
82.7435
71.5123
102.202
37.6988
104.801
77.2174
74.2367
80.7305
11.5449
58.7484
62.4373
91.9764
40.8458
78.7234
104.371
88.2092
72.7732
67.1628
86.4888
13.1894
85.3806
94.1571
95.8106
101.837
55.5174
51.5699
86.9199
16.4015
91.6293
112.112
98.9014
72.3592
44.9708
69.6974
43.3775
106.162
102.48
104.598
50.734
99.3407
76.0069
5.69684
74.597
56.6723
95.1113
19.0871
16.1894
70.8209
55.8461
110.058
62.1091
112.916
108.235
67.0794
105.249
71.8367
69.0481
112.916
99.61
106.614
31.2055
112.916
63.8648
34.051
108.785
111.598
59.5136
44.7127
71.0562
98.0589
14.5017
52.5569
96.9718
87.767
108.462
110.912
37.4432
83.0121
94.5619
100.534
62.5033
87.1109
93.9484
82.8466
65.389
20.2133
108.666
101.574
90.2566
75.9696
109.633
96.7821
82.777
75.1565
74.5727
72.4827
74.6073
87.5827
32.5566
86.1886
82.7825
40.4018
99.3406
80.8273
43.9212
26.2762
98.591
90.1669
111.822
80.231
16.2434
95.7277
75.3928
112.916
90.5929
83.8295
96.2362
108.517
99.8377
81.4479
74.8245
101.307
15.4022
63.431
105.544
93.6135
96.2478
104.526
112.916
99.286
96.7387
101.916
32.4075
95.7546
22.4049
78.2273
69.4358
10.2755
73.763
58.1947
80.813
62.5011
82.192
82.1928
54.04
55.6531
62.7363
112.711
78.2214
43.409
71.6077
104.612
99.8953
86.6589
21.8783
93.0417
112.916
95.5721
112.229
101.222
85.3205
112.916
65.211
107.631
95.6467
111.544
112.916
97.1292
98.5415
96.4904
91.6772
85.5239
84.1739
56.938
52.6657
51.3967
82.3689
70.0692
84.0041
112.916
72.9738
73.6386
75.2392
94.6554
96.3753
95.8843
83.7987
106.077
89.2338
66.8153
91.2548
85.7646
96.1112
65.3278
48.5513
94.848
89.5304
58.9863
108.077
62.9234
31.2742
89.8916
91.1453
102.879
93.6394
56.802
112.804
107.861
51.1113
49.3219
84.0364
97.0413
95.0727
85.4182
82.8588
89.8197
104.572
90.2574
80.9249
112.916
51.3337
76.5376
78.04
96.5007
70.5171
8.82268
57.9367
76.1615
88.4998
103.481
99.5989
51.1564
96.1344
107.622
103.932
101.165
50.3
88.3992
87.6367
112.916
44.1966
89.34
60.0644
106.813
100.184
103.169
72.2702
23.64
97.6447
100.655
46.8076
22.5398
104.764
96.2081
57.3491
112.247
54.5868
110.667
51.6661
112.916
48.329
87.2419
69.3358
112.173
102.497
45.4548
78.8557
49.843
73.5549
64.7993
15.9985
24.5023
101.326
36.0222
96.7573
94.1694
33.416
34.4154
65.7894
100.926
65.9545
85.1867
92.7327
81.2074
68.8511
24.8783
109.033
100.395
95.9232
84.462
101.231
96.8266
82.9734
49.3308
77.2285
73.4912
75.2719
81.1482
31.6877
76.4175
84.9744
8.14758
79.2777
93.1301
22.7026
25.4126
99.3526
61.815
112.399
82.85
19.2188
112.916
74.5871
112.601
93.8979
83.2299
112.916
80.6128
103.565
86.4662
78.5084
67.3498
10.8356
35.2016
93.109
109.187
112.916
105.135
112.916
98.3252
112.916
102.105
9.92014
68.4363
58.9526
82.5001
71.2883
5.32567
75.4081
59.0439
82.0461
54.6171
82.8325
81.9684
58.6634
112.916
69.2286
112.698
78.6813
10.5113
73.0188
74.1624
99.5527
85.8618
23.2675
93.8637
32.0761
101.398
112.898
112.916
89.7688
112.916
61.5639
108.782
76.7596
108.406
112.916
99.8962
67.3604
97.7044
112.916
74.9019
84.7387
36.0224
112.916
47.705
88.072
67.6851
90.3207
112.916
78.785
74.4801
57.3103
72.6408
96.5433
96.4999
81.8397
104.674
91.6568
72.507
61.9045
86.1089
98.7152
87.5438
17.2768
58.6875
92.288
60.4698
111.834
62.1161
27.988
67.0498
92.7436
80.0871
91.9577
57.5462
112.189
107.95
53.7358
52.2261
59.5467
95.2141
98.5867
87.4436
81.1848
85.8862
68.0072
112.916
57.8516
15.476
58.9111
74.0384
78.9469
99.195
49.0154
1.84729
61.416
81.7378
88.4
105.079
98.6664
52.8465
78.3402
106.576
104.465
103.798
29.2741
86.6576
87.0775
7.29959
35.599
62.1982
60.5273
85.686
98.7732
104.791
81.2351
30.1257
79.9696
63.3578
52.3424
26.9432
103.528
112.916
11.2692
112.916
70.7719
111.101
44.8591
27.2728
112.916
98.449
43.5564
112.084
102.382
47.7787
82.257
81.5837
12.9902
103.614
112.916
112.916
79.2805
112.916
112.916
98.8573
102.99
106.206
86.6759
23.9221
0.19548
56.7226
70.9653
71.3369
17.3371
110.683
80.6399
112.916
69.2237
33.2173
34.1275
110.844
112.916
17.0929
89.427
35.7305
111.148
112.916
100.065
104.889
85.1485
83.7276
88.6411
43.3444
77.0943
55.1227
100.103
112.916
112.916
105.911
46.1061
105.628
85.5099
112.797
27.5694
73.2678
112.916
101.046
9.52164
4.17459
50.7722
64.4973
24.4749
108.403
68.0591
62.992
9.89525
109.744
70.1059
49.6892
59.1245
112.916
109.322
76.9672
44.0268
25.1489
95.3877
51.4964
102.11
5.69467
76.0283
112.916
62.0618
72.6495
1.84227
94.6561
82.0518
32.2779
112.916
91.711
78.1293
6.03189
68.1692
112.283
83.7952
2.14601
70.6708
53.4997
12.0693
72.4869
103.211
78.9161
67.8864
83.4323
9.75977
46.7701
103.17
112.648
53.3672
77.2423
80.6824
112.916
77.5158
53.3668
112.916
112.916
73.0841
112.523
110.609
64.991
65.1213
57.7567
101.018
103.012
69.4892
112.916
69.9843
62.2051
112.916
112.916
75.514
78.8896
96.2226
78.5011
92.6797
56.5224
112.916
112.916
9.55656
22.5159
94.1414
90.5037
75.332
109.035
97.9396
47.871
42.0055
77.4409
23.8082
11.134
85.8689
43.2218
77.2911
19.5431
32.4611
84.5178
112.916
81.8396
17.7107
112.704
110.325
111.901
38.0407
101.023
71.1703
86.7861
98.1007
86.3009
73.4898
91.1447
76.5453
112.916
69.3999
0.252289
60.3685
101.974
74.6279
80.9294
46.9313
19.6281
109.928
112.916
12.099
16.015
77.7916
49.4862
63.842
76.5713
90.8106
107.773
52.6984
73.9339
104.819
53.7411
63.4443
82.7253
60.7565
91.1813
112.916
67.1211
85.9398
100.487
102.375
103.623
99.1464
77.3052
74.4301
80.5799
18.4049
102.366
21.285
111.2
84.596
112.916
90.6165
98.9905
104.307
108.425
92.374
22.8552
0.56572
67.4367
112.916
74.2337
25.4918
110.135
74.9944
106.669
67.9869
43.2867
26.7531
112.916
112.916
22.1537
85.0158
35.6812
111.74
107.282
74.7488
109.974
112.916
88.8633
91.2893
35.8265
75.4369
54.5188
101.161
104.923
41.3975
105.644
112.916
111.219
86.1666
106.076
28.4631
84.6406
95.2773
112.916
28.0805
4.02925
52.5163
68.236
29.0037
107.457
61.4017
62.1786
10.6454
105.853
112.916
57.9708
57.3454
112.916
97.2919
76.6376
112.916
16.8723
97.7586
44.2251
102.941
4.35519
84.3611
112.916
58.9718
78.6417
5.1559
98.7253
84.6708
27.1612
112.916
63.9861
72.8379
8.82414
71.3867
112.167
82.8131
4.24937
74.8042
54.4412
11.4234
68.9281
105.659
79.6959
62.6407
76.3605
12.3602
112.916
78.0429
110.291
32.5788
74.2345
84.8717
104.862
78.6337
51.2045
61.4017
112.057
81.2649
112.341
109.327
61.8174
60.4715
58.3982
83.3326
88.9763
65.9294
112.916
112.916
69.6411
84.8458
98.999
83.1971
76.9691
99.5839
77.802
89.662
34.1322
112.916
101.136
10.7593
24.4884
97.9084
90.6161
69.0823
108.305
98.0861
112.916
49.7374
83.7627
112.916
20.6999
112.916
52.4869
112.916
19.6018
51.5599
72.882
112.589
74.0892
41.0219
108.167
104.593
109.851
50.851
100.613
74.2976
80.3497
93.9507
84.0669
75.8247
93.8345
68.5691
93.4383
71.9683
0.250076
52.65
90.755
79.165
86.3089
50.2218
16.2186
110.412
112.916
11.3777
21.7087
54.7146
46.7083
66.9119
82.4884
88.896
107.036
63.6561
77.5584
112.655
61.7327
67.0602
81.7756
61.8041
88.9989
112.119
70.6761
56.7184
102.339
103.646
104.081
54.816
78.007
70.6249
