81.1711
86.9637
51.8561
58.9513
94.7312
76.2445
83.2151
88.3916
96.1825
110.284
89.1604
68.7393
85.5914
103.258
105.592
83.6664
112.027
104.461
94.0148
71.4061
110.285
105.773
76.4031
105.534
110.169
99.8138
87.6097
94.1433
96.6328
61.7443
96.954
16.2531
98.8692
68.0089
112.861
104.94
112.361
72.2878
96.1762
79.7673
76.3242
60.6156
110.849
97.9169
103.439
101.862
52.6791
97.4703
106.716
102.65
94.4757
61.1405
71.6741
80.1437
28.0051
95.915
110.51
103.263
75.0818
75.6579
31.2464
31.759
94.1374
100.806
78.3435
80.4688
111.131
92.5297
70.6235
96.1082
102.292
112.194
112.639
111.185
102.346
111.075
100.626
103.32
75.8301
80.2323
111.467
100.808
86.0975
66.5253
101.982
112.916
103.075
71.069
93.4028
109.487
88.6718
95.786
103.563
85.8823
111.129
109.944
77.4663
96.4364
93.8098
79.0562
85.59
94.6729
101.311
112.083
76.8119
77.3795
99.9392
108.799
107.236
108.628
96.0487
57.1202
57.0071
112.916
91.5156
111.747
69.2773
112.583
110.736
111.244
95.2621
109.086
106.182
83.2205
107.933
108.453
99.8202
86.1725
37.2296
74.2446
65.0035
104.108
108.684
54.1869
88.6724
112.916
79.8444
50.7428
88.805
112.916
96.3718
77.5427
112.916
105.83
78.0197
109.598
25.7446
86.8951
112.084
112.861
102.651
53.2698
101.794
112.805
110.906
83.5941
86.1683
73.656
95.3955
96.9518
80.7755
112.861
82.6164
91.6574
112.138
41.7523
107.123
111.076
94.4676
94.669
107.647
58.9501
105.887
105.12
110.114
73.8119
66.5205
89.9958
107.301
107.703
110.511
107.587
62.8527
100.871
80.1646
112.194
15.2434
80.1556
93.6102
108.628
109.031
96.1789
81.0107
56.6754
52.6746
107.993
100.25
88.5286
82.5447
102.956
74.973
87.5023
26.4671
56.6426
86.0132
66.4967
83.6435
83.5806
94.4981
110.086
84.6269
67.2169
83.9172
99.9562
108.109
83.8935
111.826
107.734
92.0979
75.6922
108.495
104.595
81.6094
102.522
110.298
97.7766
85.0723
94.411
92.609
63.4644
98.0443
26.0607
97.9684
71.4768
112.816
105.026
112.083
70.8938
100.412
76.3198
73.8624
56.8406
110.674
95.9635
103.081
95.2205
51.5845
94.5747
104.468
104.335
88.1089
53.3661
76.2325
88.3041
15.5815
93.0496
111.039
101.744
84.2163
73.8514
31.6723
22.3937
89.7576
99.0659
77.5551
88.1577
110.925
96.3969
68.6901
97.9831
98.1648
111.509
112.532
111.548
105.855
110.226
93.1928
106.776
74.0674
79.5082
110.874
103.241
82.4098
60.8513
98.9913
112.916
107.832
69.7936
96.0925
109.963
86.8939
95.8318
99.8112
83.1283
110.14
109.5
77.7949
94.1052
90.4159
77.5702
82.3365
90.927
107.568
111.842
76.4535
70.0668
97.3812
109.947
109.606
108.157
92.4689
53.4072
62.7397
112.916
87.201
111.764
71.3089
112.795
111.544
110.207
95.7326
110.274
107.625
79.8751
107.358
109.032
99.0318
79.1357
25.2588
73.612
58.4942
100.602
110.861
51.6955
99.2337
112.916
78.964
56.5428
93.2375
112.916
96.8444
78.7362
112.916
105.225
79.6027
111.281
31.8792
91.8614
110.8
112.824
101.089
50.7959
99.3501
112.577
109.834
78.2739
92.3474
71.4066
95.7639
97.9184
82.567
112.793
76.6165
81.9327
112.31
53.3029
109.635
110.87
95.4784
97.7717
109.249
64.6774
106.61
99.8907
110.14
72.2333
70.8309
88.6947
103.177
106.115
110.155
105.913
59.2668
100.487
75.7457
112.244
11.4014
71.3679
94.5981
107.069
107.359
92.3995
77.4983
54.8889
61.529
108.898
98.7814
87.7711
78.5716
105.502
66.883
75.1637
85.6972
72.6678
65.5013
100.085
79.1293
111.054
92.6932
93.8452
111.907
75.1448
78.1819
76.1052
51.8055
98.6976
98.3797
112.568
99.4791
101.819
109.522
112.916
78.6404
31.5574
85.5984
112.916
84.6515
111.032
111.5
89.5981
91.5218
101.7
100.829
64.4661
56.629
111.701
83.4081
85.7744
92.6767
111.899
82.4291
84.8748
101.026
88.7014
112.916
106.371
100.479
36.4047
66.7378
97.9185
99.3459
95.616
110.173
106.094
112.916
109.279
56.3235
66.35
102.689
97.7742
111.4
80.6868
96.5899
104.015
92.0599
111.05
104.159
86.6293
103.767
100.261
112.857
112.916
85.3887
103.583
82.6805
107.375
107.566
70.7432
105.531
107.361
59.8022
99.7112
99.7345
85.2334
96.5941
86.8678
82.2725
108.131
92.5592
112.911
112.916
110.915
109.774
105.91
67.3976
107.715
70.0175
83.6819
81.1198
94.4506
107.156
111.009
107.661
86.0226
73.7829
105.317
107.732
109.506
88.2265
87.3038
111.538
97.5032
84.0062
83.4664
79.1188
65.4621
70.874
93.9769
70.2746
90.6624
76.3622
77.0014
94.784
87.0542
105.257
103.522
76.6185
112.916
109.891
63.5955
86.2911
92.6175
105.494
112.916
81.1621
104.518
92.8044
70.7082
112.916
108.237
80.2835
89.5898
58.4286
81.0322
94.787
112.916
111.591
98.601
43.6649
61.25
112.916
110.477
53.6019
94.5684
105.434
77.1109
112.791
112.762
105.184
87.3279
102.018
76.43
63.7463
56.8312
100.635
112.557
48.1217
103.53
95.8847
95.9696
74.6139
32.9941
112.281
91.6818
79.3375
109.697
72.0579
83.6377
93.6712
111.144
112.916
74.0476
97.509
106.97
85.7633
112.916
72.9727
97.8613
94.8103
110.078
75.315
104.26
85.1028
91.5709
112.916
103.334
111.116
67.9991
91.596
27.0891
67.585
75.4518
86.5194
67.5613
66.0293
99.9895
80.4596
110.305
94.4599
94.2387
111.816
75.413
78.1326
76.1685
52.5288
99.0536
99.7975
112.757
99.8151
100.65
109.214
112.916
80.6399
30.353
86.3383
112.897
85.3108
110.841
111.497
88.5045
92.6507
98.7132
99.0143
65.8821
55.8287
111.517
87.8965
88.5898
93.2527
112.177
83.2409
83.0973
101.547
87.6505
112.916
106.088
102.093
35.6209
66.9167
97.9126
97.2155
94.7279
110.243
106.384
112.916
109.898
60.5209
66.8717
100.31
97.3651
111.334
80.9128
96.1934
105.302
91.8892
111.229
103.967
87.5478
104.341
100.957
112.84
112.916
81.752
104.189
80.8077
107.159
107.45
71.2034
104.701
108.764
60.6077
97.6967
99.7855
85.0649
100.252
83.6513
81.8019
107.327
92.9669
112.916
112.916
110.991
109.872
106.153
69.2789
107.719
71.7314
83.5864
82.3134
94.7972
106.957
110.777
108.113
85.6333
69.371
104.317
106.167
109.777
87.4206
85.8266
111.031
97.0548
84.4702
83.2361
81.3615
64.9685
69.6426
94.2112
69.1725
91.2676
79.2326
79.2315
96.5806
86.8639
105.394
102.134
76.1746
112.916
109.651
63.961
84.9161
93.6161
106.716
112.916
80.9449
104.894
93.9659
67.2867
112.916
108.313
80.4874
88.6956
62.18
80.9574
94.6512
112.916
111.47
100.298
42.9122
63.1136
112.916
110.526
53.1487
95.7038
105.192
74.5473
112.787
112.76
104.932
86.7757
105.108
75.5877
63.3856
57.9706
100.891
112.325
44.7057
103.952
96.4088
95.4663
74.4481
27.9374
112.198
91.6919
79.7445
109.751
71.3592
83.0436
94.1362
110.917
112.916
74.7148
96.2377
107.771
82.9272
112.916
72.2912
98.1177
94.2633
109.86
75.7526
104.231
84.7839
90.9677
112.916
102.936
111.312
67.6455
91.2136
26.6527
79.8797
110.33
11.0464
104.302
89.5452
90.5863
59.0496
101.916
109.209
102.366
106.281
110.181
86.6607
106.984
66.9509
97.561
81.4516
89.5562
96.651
100.991
81.3194
94.5399
109.445
91.102
85.515
99.3103
109.754
104.068
97.5186
76.8604
59.8441
102.151
112.458
82.431
112.916
21.06
95.291
112.426
32.2776
87.3954
71.1623
53.3827
83.7638
70.0072
93.1004
81.5479
99.5622
77.1009
102.726
81.2942
99.2086
87.2518
96.2076
89.817
111.708
68.0583
73.8712
98.2249
84.0557
72.3572
84.5857
87.3709
88.6476
109.715
62.4917
107.884
101.048
87.1869
89.5192
104.39
56.6363
112.916
83.3011
72.9523
112.916
102.106
65.0371
86.6874
87.8541
74.0197
66.6119
91.9195
107.577
84.1537
110.631
104.058
112.8
109.836
107.066
80.9457
47.2447
99.5816
106.835
107.798
82.3311
97.6753
112.612
80.2706
98.9003
84.516
50.3086
63.776
82.709
87.1019
103.78
75.8516
100.818
111.488
98.1197
58.3865
108.738
66.3654
112.916
64.4165
99.4444
98.7463
104.351
99.8376
96.6021
112.802
95.9172
108.23
86.1096
85.0861
97.7142
109.339
107.988
80.7811
90.8865
112.916
47.0512
109.651
67.7602
95.6218
99.7044
68.9572
89.7491
66.6935
112.916
104.46
82.8617
111.846
73.3096
95.4983
80.0953
111.805
99.6727
74.5571
78.3906
112.916
98.466
57.5654
75.2136
106.279
73.5902
72.1742
112.883
112.555
84.9954
65.7285
106.952
110.207
103.412
112.368
102.534
106.234
111.69
107.088
68.9278
100.389
96.2696
85.5851
60.0425
97.4151
80.1994
100.331
21.3178
32.8395
85.05
111.704
105.582
98.0165
94.8812
58.8479
26.6027
75.6371
87.5898
93.7858
112.677
60.4243
85.7585
104.394
112.916
64.033
91.4058
8.54913
66.7484
110.074
61.712
106.566
77.0191
111.897
11.4529
108.052
89.2524
88.1767
54.4649
102.553
108.831
103.759
109.418
110.765
93.5195
108.579
62.8741
93.2082
87.5081
89.181
104.139
101.54
82.7357
94.1132
110.829
97.6245
77.6904
102.346
110.539
102.244
95.8796
102.29
65.2509
100.852
112.257
74.7204
112.916
24.9062
98.9977
112.559
27.972
89.6159
72.9679
53.8856
82.995
76.9517
100.137
82.9578
101.197
70.9207
106.94
87.3121
100.149
85.7385
98.5588
98.8129
110.911
63.0893
77.459
96.4687
85.3005
74.422
84.8135
74.6098
81.6376
111.943
58.4288
111.189
98.3332
93.2496
87.5003
98.744
58.617
112.916
86.3554
78.9212
112.916
108.26
67.4633
92.051
94.3763
70.8845
69.3133
94.1221
103.621
83.1638
110.359
104.903
112.816
107.902
109.544
93.8883
53.2428
97.599
107.813
105.985
92.5165
101.997
112.167
85.5408
93.3234
87.7717
40.1272
64.1601
82.4772
90.5601
98.6448
90.5424
101.465
112.623
99.7208
66.2479
109.949
66.9079
112.916
61.4684
98.4465
99.9945
106.782
101.348
108.322
112.865
97.7217
108.218
86.7078
104.764
97.9194
111.288
110.416
87.8224
91.0901
112.916
54.5499
90.3815
60.6531
96.8498
104.109
41.9161
89.2852
69.1836
112.916
108.093
80.6621
111.074
77.3265
97.5942
92.2054
111.01
101.714
71.6972
80.6008
112.916
97.7885
51.0297
81.5283
105.531
76.5114
75.0629
112.891
112.802
81.2332
68.0662
107.732
111.082
107.761
112.353
106.414
107.588
110.331
108.163
83.2306
98.0024
90.7693
96.3365
61.1309
94.7441
72.4485
89.8282
23.3252
36.507
80.9424
112.192
105.716
103.774
92.7949
62.2788
28.606
74.4343
83.8417
95.951
112.606
50.3873
93.3316
100.649
112.916
70.0615
90.2527
11.0246
64.6903
108.994
67.0516
98.2502
112.393
83.8423
51.1197
98.3164
110.261
106.271
85.9076
91.2726
75.697
112.916
112.916
72.4922
112.897
111.935
110.71
72.2847
87.4057
112.909
111.246
107.539
75.5953
102.896
108.368
105.652
95.7315
83.9008
111.277
102.027
95.0123
101.375
110.169
71.4249
106.814
108.238
103.77
93.9449
62.7261
104.621
104.543
106.211
108.744
86.4034
60.7427
80.4596
80.6896
93.6083
112.107
88.7038
74.193
82.4488
72.2116
68.9336
107.806
62.055
82.0016
67.4848
112.758
60.8503
70.2939
75.665
76.1704
100.37
104.51
77.1819
98.0567
91.0552
100.923
87.8154
74.6311
74.1619
112.916
83.8535
47.3599
66.7447
110.982
99.1332
107.024
76.2877
87.7518
91.4235
77.7627
105.169
79.3154
70.8661
111.662
88.972
112.424
78.4788
103.573
108.22
74.1397
99.8366
80.194
55.9189
79.5644
74.3237
85.5016
104.306
107.578
96.2688
112.859
106.672
105.136
106.231
72.2728
111.358
73.4601
102.102
82.591
109.233
77.987
67.984
87.2855
110.692
71.8139
94.9614
112.916
92.1069
112.916
88.3517
87.7318
64.8953
106.186
77.5908
78.8296
104.634
106.629
111.09
108.484
106.259
50.6456
112.916
112.15
112.306
76.687
93.1656
110.272
112.399
90.8203
92.474
111.258
83.4961
110.478
86.6091
38.1574
63.8641
72.6909
86.1388
104.298
86.7008
20.3409
106.238
67.6811
75.4862
110.929
102.35
108.065
62.8485
53.4243
112.916
81.6913
84.7186
110.557
96.6503
82.3598
59.2972
109.32
111.397
81.3195
100.105
85.9564
67.2005
97.1142
111.891
78.2979
102.662
63.1415
86.272
62.0071
110.723
104.951
85.6994
73.3628
56.2113
53.8289
112.454
67.7205
103.529
69.517
110.487
112.622
112.583
97.5992
91.6771
86.2971
91.4241
83.603
87.9041
102.678
110.395
112.122
81.0213
57.1295
96.9744
107.924
103.176
87.1115
85.7048
76.2749
112.916
112.916
70.3991
112.916
110.825
111.082
65.9908
88.4306
112.884
111.403
108.751
71.3583
102.929
106.451
98.6978
95.9923
92.281
111.865
105.465
92.7833
102.354
110.298
71.4911
102.51
111.507
102.933
89.2989
52.7459
101.929
102.448
104.247
107.868
85.9809
59.8607
72.1726
78.2489
96.8154
111.066
91.5605
74.0378
79.094
78.4578
67.4971
112.823
75.7419
78.5724
69.3287
112.848
62.4443
64.2694
70.4955
76.5521
100.78
103.129
81.1047
95.0043
89.5235
101.739
88.8085
76.4288
81.3332
112.888
79.9955
53.7717
63.2208
110.961
95.7715
107.272
75.2215
79.7453
88.036
73.1629
108.103
78.1693
74.8102
111.74
97.0601
112.156
77.048
104.364
102.065
72.7219
97.7651
81.9284
49.0351
84.0913
71.6293
84.877
103.297
108.268
92.755
112.815
106.731
101.372
103.397
75.0246
111.162
73.3087
103.753
81.1099
107.926
75.765
68.6022
88.8099
107.6
69.6345
95.7673
112.916
93.7524
112.916
87.875
86.7768
71.6791
105.961
73.6502
81.7876
106.493
106.153
111.565
107.379
104.563
66.5703
112.916
112.115
112.323
85.4315
93.8776
109.818
112.254
95.0518
95.7706
110.025
84.6577
107.292
90.7328
53.4391
64.9478
69.3522
80.4305
96.3744
86.4598
22.2602
100.97
66.3517
73.3436
111.288
102.711
107.327
69.6352
39.9742
112.829
81.7904
84.9389
106.826
93.7256
86.3064
55.923
106.012
110.976
74.2426
98.7873
83.8156
61.9032
98.5476
111.468
68.1111
105.022
50.3997
90.4843
72.3056
110.039
100.36
86.8985
72.6476
61.3807
54.598
112.343
67.2212
105.188
73.6285
109.02
112.271
111.533
93.2264
90.0968
87.0769
87.5112
83.6104
88.9242
106.272
110.71
112.916
91.0401
57.6695
101.578
99.2782
32.556
52.4635
33.6928
96.8739
112.916
112.558
85.9513
94.411
106.37
106.299
110.093
85.6838
112.916
88.2957
67.0321
99.229
92.9771
99.4484
94.9157
79.4601
111.472
103.245
85.6845
78.0485
106.538
98.1426
81.666
112.916
97.7801
97.225
93.7527
74.8988
100.374
97.2301
78.5501
88.8314
96.7584
111.605
103.535
60.1014
80.7965
97.6807
87.4066
108.544
87.1102
106.489
91.0458
93.8458
102.548
81.3124
73.5373
111.485
111.842
110.927
91.1021
100.382
108.989
61.4253
104.713
112.916
67.4389
109.791
87.3997
101.453
106.979
77.6713
90.3234
108.729
103.255
99.5048
69.5566
86.8818
112.64
93.5571
110.396
109.831
56.8957
101.079
111.23
93.2534
112.916
57.8525
96.6995
103.531
82.6498
95.3604
67.8629
99.3393
112.363
111.799
112.916
108.053
80.1462
112.916
73.1906
112.758
62.954
95.6399
70.2763
66.4024
102.827
100.288
71.2015
111.226
87.9736
111.525
77.6924
85.8724
103.955
105.498
85.7795
75.4896
109.607
84.449
112.916
77.921
76.2322
98.1
99.195
80.923
72.3206
95.0687
105.898
91.4178
105.988
99.6254
110.57
95.1666
98.0091
94.4997
105.825
72.9243
60.3
112.916
30.1092
101.651
84.5897
75.6589
108.089
76.8844
85.6722
72.3055
91.1601
97.1879
52.5257
107.263
103.126
103.278
95.0219
53.6891
112.544
112.915
81.1419
111.575
104.485
112.716
99.3098
86.9298
112.33
92.2074
98.4573
100.53
53.8182
79.1334
66.2727
77.9771
73.443
107.703
105.78
99.8049
104.785
83.2265
104.26
99.9464
67.2761
97.7449
99.7019
60.7062
112.335
99.4834
77.9259
102.155
103.122
56.6835
51.781
103.771
96.2643
84.0605
91.0062
82.9593
43.8228
97.191
89.3014
83.1589
51.7951
112.916
91.3442
82.932
101.145
96.5338
32.2863
58.4992
31.7501
95.2619
112.916
112.647
85.3972
98.5486
102.586
107.369
110.332
85.2688
112.916
80.5938
64.8331
100.437
84.774
97.8483
95.2669
82.3368
112.916
92.0977
85.8081
74.9418
106.628
59.4038
80.9421
110.996
98.5348
100.953
101.605
88.3885
98.9842
100.364
101.321
87.9325
96.598
111.603
103.257
59.2303
81.426
96.2418
88.5829
111.598
58.2498
105.658
89.1678
73.3094
103.467
81.3724
71.6784
110.378
111.202
97.2429
91.2922
99.1858
107.059
62.2635
104.626
112.916
68.3554
109.74
87.5763
102.365
103.666
83.9724
52.1119
110.121
103.216
97.5621
89.6973
86.7968
111.916
95.4389
108.105
110.695
65.9613
92.7775
111.003
86.3122
112.916
65.5293
96.8477
81.5161
86.4246
95.5033
63.1507
102.798
112.42
111.801
112.916
108.628
79.326
112.916
73.3147
112.815
60.2852
101.572
72.6001
67.1676
106.582
102.514
56.115
111.635
61.2771
104.295
78.1146
97.0214
83.6254
101.268
93.9933
76.6645
110.788
87.6113
112.856
80.0692
68.4735
97.8785
111.269
56.6365
71.2794
95.1466
105.296
54.7547
99.0342
110.007
110.639
70.2195
79.8948
107.025
104.452
93.2705
53.9402
112.916
29.3987
98.2708
38.9111
90.8877
107.896
76.4862
100.659
66.3847
82.6442
104.971
52.8449
106.798
88.8545
108.215
72.4446
52.1324
112.566
112.776
44.4097
111.724
72.4961
112.916
70.9797
79.3879
112.305
101.263
99.222
102.38
80.2627
71.9397
68.0126
72.3706
72.6862
109.448
108.713
65.6052
104.526
84.3718
105.494
102.159
65.2534
97.5606
82.8813
58.5365
112.916
100.423
81.3031
104.34
103.428
55.5255
50.1323
104.276
98.4957
79.5575
90.3782
85.0361
73.2884
107.711
90.4229
93.9343
80.7455
